17:03:31.419> 328,287,234,770,327,287,233,768
17:03:31.606> 330,288,234,773,325,286,233,765
17:03:31.855> 333,289,235,776,323,285,232,762
17:03:32.042> 335,290,236,780,321,284,232,758
17:03:32.229> 337,291,236,783,319,283,231,755
17:03:32.426> 339,292,237,786,317,283,230,752
17:03:32.666> 341,292,237,789,315,282,230,749
17:03:32.862> 343,293,238,792,313,281,229,746
17:03:33.042> 345,294,239,796,311,280,229,743
17:03:33.297> 347,295,239,799,308,279,228,739
17:03:33.479> 349,296,240,802,306,278,227,736
17:03:33.665> 352,297,241,806,305,278,227,806
17:03:33.916> 305,278,227,734,351,296,240,804
17:03:34.102> 307,279,228,737,349,296,240,801
17:03:34.288> 309,280,228,741,346,295,239,798
17:03:34.538> 312,281,229,744,344,294,238,794
17:03:34.727> 314,281,229,747,342,293,238,791
17:03:34.912> 316,282,230,750,340,292,237,788
17:03:35.164> 318,283,231,753,338,291,237,785
17:03:35.351> 320,284,231,757,336,290,236,782
17:03:35.538> 322,285,232,760,334,290,235,778
17:03:35.785> 324,286,233,763,332,289,235,775
17:03:35.975> 326,287,233,767,330,288,234,772
17:03:36.167> 328,287,234,770,328,287,234,769
17:03:36.357> 330,288,234,773,325,286,233,765
17:03:36.597> 332,289,235,776,323,285,232,762
17:03:36.797> 335,290,236,779,321,284,232,759
17:03:36.973> 337,291,236,783,319,284,231,756
17:03:37.234> 339,292,237,786,317,283,230,752
17:03:37.409> 341,292,237,789,315,282,230,749
17:03:37.596> 343,293,238,793,313,281,229,746
17:03:37.846> 345,294,239,796,311,280,229,743
17:03:38.035> 347,295,239,799,309,279,228,740
17:03:38.221> 349,296,240,802,307,279,227,737
17:03:38.470> 351,297,240,805,305,278,227,734
17:03:38.659> 305,278,227,734,351,297,240,805
17:03:38.845> 307,279,227,737,349,296,240,802
17:03:39.031> 309,280,228,740,347,295,239,798
17:03:39.281> 311,280,229,744,345,294,239,795
17:03:39.469> 313,281,229,747,343,293,238,792
17:03:39.656> 316,282,230,750,340,292,237,789
17:03:39.905> 318,283,231,754,338,291,237,785
17:03:40.092> 320,284,231,757,337,291,236,783
17:03:40.288> 322,285,232,760,335,290,236,780
17:03:40.529> 324,286,233,764,333,289,235,777
17:03:40.722> 326,287,234,768,331,289,235,775
17:03:40.903> 329,288,235,772,329,289,235,773
17:03:41.162> 331,290,236,777,327,288,235,771
17:03:41.340> 333,291,236,780,325,287,234,768
17:03:41.528> 335,291,237,783,323,286,233,764
17:03:41.777> 337,292,237,786,321,286,233,761
17:03:41.963> 339,293,238,789,319,285,232,758
17:03:42.152> 341,294,239,792,316,284,231,754
17:03:42.338> 343,294,239,795,314,283,231,751
17:03:42.588> 345,295,240,799,312,282,230,747
17:03:42.776> 347,296,240,802,310,281,229,744
17:03:42.963> 349,297,241,805,308,280,229,741
17:03:43.213> 352,298,242,808,306,279,228,738
17:03:43.399> 306,298,242,738,352,298,242,809
17:03:43.586> 307,280,229,740,350,297,241,806
17:03:43.837> 310,281,229,744,348,297,241,803
17:03:44.022> 312,282,230,747,346,296,240,799
17:03:44.219> 309,276,225,731,341,291,236,786
17:03:44.459> 315,282,230,748,340,292,237,787
17:03:44.656> 315,280,228,744,335,287,233,773
17:03:44.835> 315,278,227,741,333,286,232,768
17:03:45.022> 317,279,227,744,330,284,231,763
17:03:45.271> 319,279,227,746,329,284,231,761
17:03:45.459> 321,281,228,750,327,283,230,758
17:03:45.646> 323,281,229,752,324,281,229,753
17:03:45.894> 324,281,228,752,321,279,227,746
17:03:46.081> 326,281,228,754,319,278,226,743
17:03:46.269> 328,282,229,757,315,275,224,733
17:03:46.518> 328,280,227,752,312,274,223,728
17:03:46.707> 331,283,230,762,310,275,224,732
17:03:46.893> 331,283,230,765,308,275,224,731
17:03:47.144> 337,289,234,779,313,281,229,745
17:03:47.329> 344,295,239,797,313,282,230,749
17:03:47.517> 347,296,240,802,311,281,230,746
17:03:47.712> 349,297,241,805,309,281,229,743
17:03:47.953> 351,298,242,808,307,280,228,739
17:03:48.152> 353,298,242,810,353,298,242,810
17:03:48.329> 307,279,228,738,350,297,241,805
17:03:48.585> 309,280,229,742,349,296,241,803
17:03:48.764> 311,281,230,745,346,296,240,800
17:03:48.953> 313,282,230,749,344,295,239,797
17:03:49.202> 315,283,231,752,342,294,239,794
17:03:49.389> 317,284,231,755,340,293,238,791
17:03:49.575> 319,285,232,758,338,292,238,787
17:03:49.825> 321,285,233,761,336,291,237,784
17:03:50.012> 324,286,233,765,334,290,236,781
17:03:50.201> 326,287,234,768,332,290,236,778
17:03:50.449> 328,288,234,771,330,289,235,774
17:03:50.637> 330,289,235,774,328,288,234,771
17:03:50.825> 332,290,236,777,326,287,234,768
17:03:51.075> 334,290,236,780,324,286,233,765
17:03:51.262> 336,291,237,784,322,286,233,762
17:03:51.447> 338,292,238,787,320,285,232,759
17:03:51.642> 340,293,238,791,317,284,232,755
17:03:51.885> 342,294,239,794,315,283,231,752
17:03:52.080> 344,295,240,797,313,282,230,749
17:03:52.258> 346,296,240,800,311,281,230,746
17:03:52.517> 348,296,241,803,309,280,229,743
17:03:52.695> 351,297,241,807,307,280,229,740
17:03:52.884> 353,298,242,810,353,298,228,810
17:03:53.133> 306,279,228,739,351,298,241,808
17:03:53.322> 309,280,229,742,349,297,241,804
17:03:53.508> 311,281,230,745,347,296,240,801
17:03:53.756> 313,282,230,748,345,295,240,798
17:03:53.943> 315,283,231,752,343,294,239,794
17:03:54.131> 317,284,231,755,341,293,238,791
17:03:54.382> 319,285,232,758,339,292,238,788
17:03:54.567> 321,285,232,761,336,291,237,784
17:03:54.754> 323,286,233,763,334,290,236,780
17:03:54.942> 324,285,232,762,328,285,232,766
17:03:55.192> 319,278,226,747,316,274,222,735
17:03:55.380> 310,269,218,721,306,266,216,712
17:03:55.574> 309,267,216,715,303,264,214,706
17:03:55.818> 309,266,215,713,297,258,210,690
17:03:56.010> 306,263,211,706,186,166,134,453
17:03:56.190> 203,202,138,522,108,123,81,311
17:03:56.447> 217,291,156,664,101,140,77,319
17:03:56.627> 392,575,283,1248,118,173,85,375
17:03:56.815> 489,734,355,1580,121,184,88,394
17:03:57.064> 619,951,456,2032,89,132,64,285
17:03:57.250> 596,904,435,1937,67,101,48,217
17:03:57.437> 678,1035,498,2215,34,50,24,108
17:03:57.625> 769,1183,569,2528,769,28,13,2528
17:03:57.874> 19,28,13,61,739,1136,546,2427
17:03:58.063> 55,83,40,179,784,1213,582,2588
17:03:58.248> 98,150,72,321,807,1255,601,2675
17:03:58.499> 150,234,112,498,848,1329,636,2831
17:03:58.686> 207,325,155,691,849,1337,639,2845
17:03:58.872> 267,422,201,898,843,1335,637,2840
17:03:59.124> 322,510,243,1084,800,1267,605,2695
17:03:59.311> 385,610,291,1298,790,1258,600,2674
17:03:59.504> 455,725,345,1542,757,1207,575,2565
17:03:59.746> 528,844,401,1793,727,1162,553,2469
17:03:59.941> 605,972,462,2065,688,1104,525,2345
17:04:00.120> 661,1061,504,2254,643,1034,491,2196
17:04:00.378> 722,1161,551,2465,579,931,442,1977
17:04:00.558> 778,1250,594,2655,517,831,395,1765
17:04:00.744> 832,1338,635,2841,453,727,345,1544
17:04:00.933> 880,1414,671,3002,396,636,302,1350
17:04:01.183> 929,1493,709,3170,337,542,257,1149
17:04:01.370> 993,1597,758,3390,280,449,213,954
17:04:01.555> 1042,1675,795,3555,219,351,166,744
17:04:01.805> 1100,1768,839,3753,162,260,123,552
17:04:01.992> 1170,1882,893,3996,107,171,81,363
17:04:02.180> 1222,1963,932,4168,51,81,38,171
17:04:02.429> 1289,2073,984,4401,1289,30,14,4401
17:04:02.616> 19,30,14,64,1242,1991,945,4229
17:04:02.804> 76,121,57,257,1195,1918,911,4072
17:04:02.999> 132,211,100,449,1138,1825,867,3876
17:04:03.242> 189,303,144,643,1090,1750,831,3717
17:04:03.435> 246,394,187,836,1025,1644,781,3491
17:04:03.616> 301,482,229,1024,965,1546,734,3283
17:04:03.871> 358,572,272,1216,910,1459,693,3098
17:04:04.053> 417,668,317,1418,850,1361,646,2890
17:04:04.238> 471,753,358,1600,789,1262,600,2681
17:04:04.489> 518,828,394,1759,725,1158,551,2461
17:04:04.675> 577,922,438,1960,672,1074,511,2282
17:04:04.864> 634,1012,481,2150,616,984,468,2090
17:04:05.114> 678,1082,514,2298,550,876,417,1862
17:04:05.299> 723,1150,547,2444,490,779,371,1657
17:04:05.487> 781,1244,592,2645,436,694,330,1476
17:04:05.740> 857,1368,650,2907,391,624,296,1325
17:04:05.924> 916,1463,695,3108,339,542,257,1151
17:04:06.112> 973,1555,739,3304,284,454,215,963
17:04:06.361> 1023,1634,777,3471,222,354,168,752
17:04:06.549> 1071,1707,812,3628,165,262,124,556
17:04:06.735> 1110,1768,842,3759,115,183,87,389
17:04:06.931> 1161,1849,880,3930,60,95,45,201
17:04:07.172> 1204,1917,913,4075,8,12,5,24
17:04:07.366> 8,12,5,24,1191,1894,902,4027
17:04:07.547> 61,96,45,204,1139,1809,862,3847
17:04:07.806> 104,165,78,350,1085,1723,821,3664
17:04:07.983> 160,253,120,538,1043,1658,790,3526
17:04:08.169> 212,337,160,716,984,1565,745,3327
17:04:08.420> 265,421,200,895,921,1462,697,3110
17:04:08.606> 316,501,239,1065,859,1363,650,2898
17:04:08.795> 367,582,277,1239,802,1271,606,2704
17:04:09.046> 409,647,308,1376,752,1191,568,2534
17:04:09.232> 465,737,351,1567,701,1112,530,2365
17:04:09.418> 512,811,387,1726,646,1023,488,2176
17:04:09.667> 561,889,424,1891,589,933,445,1986
17:04:09.856> 614,974,464,2072,544,862,411,1834
17:04:10.043> 655,1036,494,2206,482,762,364,1622
17:04:10.229> 706,1117,533,2377,433,685,326,1457
17:04:10.478> 757,1197,571,2548,379,599,285,1274
17:04:10.666> 804,1272,607,2708,328,518,247,1103
17:04:10.860> 858,1357,647,2888,277,438,208,931
17:04:11.104> 905,1433,683,3049,226,358,170,762
17:04:11.296> 953,1508,720,3210,173,273,130,581
17:04:11.476> 1006,1591,759,3386,123,194,92,413
17:04:11.734> 1044,1650,787,3512,73,114,54,242
17:04:11.914> 1090,1721,821,3663,23,35,16,75
17:04:12.101> 1126,1779,849,75,1126,1779,849,3786
17:04:12.352> 41,65,31,138,1081,1708,815,3636
17:04:12.538> 92,144,69,307,1029,1627,776,3463
17:04:12.724> 141,221,105,471,969,1530,730,3258
17:04:12.975> 191,301,143,640,912,1438,686,3061
17:04:13.163> 239,377,180,803,853,1344,642,2862
17:04:13.350> 282,444,212,945,794,1250,597,2661
17:04:13.538> 328,516,246,1099,736,1156,552,2461
17:04:13.786> 376,591,282,1258,689,1082,517,2305
17:04:13.972> 413,648,310,1381,637,1001,478,2132
17:04:14.160> 458,718,343,1530,583,914,437,1947
17:04:14.359> 499,781,374,1665,532,833,398,1774
17:04:14.596> 546,856,409,1823,488,764,365,1628
17:04:14.793> 599,940,449,2002,442,692,331,1474
17:04:15.035> 647,1014,485,2161,395,620,296,1320
17:04:15.229> 692,1085,519,2313,352,551,263,1174
17:04:15.409> 730,1145,548,2440,304,475,227,1013
17:04:15.666> 771,1208,578,2575,258,403,193,859
17:04:15.844> 807,1263,604,2691,211,330,157,702
17:04:16.032> 857,1343,642,2862,165,258,123,549
17:04:16.222> 896,1402,671,2989,119,186,89,396
17:04:16.468> 943,1477,707,3149,74,115,55,246
17:04:16.656> 985,1542,738,3287,29,44,21,94
17:04:16.846> 1027,1609,771,3431,1027,1609,20,3431
17:04:17.094> 28,42,20,90,984,1539,737,3282
17:04:17.279> 72,112,53,239,926,1447,693,3086
17:04:17.470> 117,183,87,389,885,1384,663,2952
17:04:17.716> 159,248,119,529,827,1290,618,2752
17:04:17.903> 201,312,149,666,772,1204,577,2568
17:04:18.091> 240,373,179,797,714,1110,532,2368
17:04:18.286> 283,440,211,938,669,1041,499,2220
17:04:18.527> 329,513,246,1094,636,990,475,2112
17:04:18.725> 366,569,273,1214,590,919,440,1960
17:04:18.966> 409,636,305,1356,548,853,409,1819
17:04:19.159> 449,698,335,1489,502,780,374,1664
17:04:19.338> 492,764,366,1631,459,714,342,1523
17:04:19.527> 539,839,402,1791,417,648,311,1383
17:04:19.775> 580,902,432,1925,376,585,280,1247
17:04:19.964> 611,949,455,2025,326,505,242,1078
17:04:20.152> 623,963,463,2056,266,407,199,877
17:04:20.401> 251,303,180,724,203,191,146,510
17:04:20.589> 323,276,221,744,299,264,215,702
17:04:20.774> 330,278,225,752,302,269,220,716
17:04:21.023> 338,286,232,775,306,274,224,728
17:04:21.211> 345,292,237,791,307,277,227,734
17:04:21.400> 348,295,239,800,306,278,227,735
17:04:21.647> 352,297,241,806,352,297,228,806
17:04:21.834> 306,279,228,737,350,296,241,804
17:04:22.022> 308,279,228,740,348,295,240,800
17:04:22.223> 310,280,229,742,345,292,237,792
17:04:22.460> 207,199,156,513,231,185,153,522
17:04:22.653> 300,257,209,682,328,269,218,728
17:04:22.833> 301,257,209,684,325,267,216,720
17:04:23.090> 301,255,208,679,262,216,176,592
17:04:23.269> 230,189,160,531,262,207,176,590
17:04:23.457> 280,228,192,633,296,237,199,663
17:04:23.708> 277,229,192,635,305,257,212,702
17:04:23.897> 293,254,205,678,314,270,219,724
17:04:24.082> 319,278,225,743,320,281,228,750
17:04:24.332> 326,284,231,761,321,283,230,755
17:04:24.519> 328,284,231,763,315,276,225,738
17:04:24.705> 326,280,227,754,310,272,221,726
17:04:24.954> 325,277,224,750,250,205,172,573
17:04:25.143> 302,284,219,781,181,167,133,468
17:04:25.331> 280,275,204,751,110,118,86,314
17:04:25.516> 418,421,307,1129,119,128,93,340
17:04:25.766> 509,518,376,1385,104,113,82,301
17:04:25.954> 565,576,418,1539,80,89,64,235
17:04:26.148> 606,617,447,1649,52,59,43,158
17:04:26.389> 626,637,460,1702,626,49,35,1702
17:04:26.584> 42,49,35,130,592,601,433,1608
17:04:26.765> 66,72,51,193,573,582,419,1557
17:04:27.021> 92,98,70,262,550,559,403,1496
17:04:27.200> 119,125,89,334,525,534,385,1429
17:04:27.388> 145,151,108,403,499,507,365,1357
17:04:27.639> 172,178,127,476,471,480,345,1284
17:04:27.826> 192,198,142,530,439,447,322,1197
17:04:28.014> 218,224,161,601,411,418,301,1119
17:04:28.261> 240,247,177,660,381,388,279,1039
17:04:28.450> 260,266,192,712,343,350,252,936
17:04:28.637> 278,284,205,761,315,321,231,859
17:04:28.824> 297,303,218,811,287,293,211,785
17:04:29.073> 313,318,229,852,257,263,189,704
17:04:29.260> 327,332,239,889,232,237,171,635
17:04:29.448> 340,345,249,925,206,212,153,567
17:04:29.697> 358,363,261,971,183,189,136,506
17:04:29.884> 378,383,276,1025,162,168,121,449
17:04:30.083> 390,394,284,1055,138,145,104,387
17:04:30.321> 407,410,296,1100,117,123,89,329
17:04:30.515> 421,424,305,1136,96,103,74,273
17:04:30.697> 437,439,317,1178,75,82,59,218
17:04:30.952> 455,457,330,1226,56,63,45,166
17:04:31.132> 473,474,342,1272,38,46,33,121
17:04:31.319> 38,46,33,121,468,470,339,1260
17:04:31.507> 58,65,47,173,444,445,321,1195
17:04:31.755> 77,84,60,224,429,431,311,1156
17:04:31.944> 96,103,74,274,410,411,297,1104
17:04:32.131> 116,122,88,326,388,390,281,1047
17:04:32.381> 134,140,101,375,364,366,264,982
17:04:32.569> 154,159,114,425,344,347,250,930
17:04:32.757> 173,178,128,477,324,327,236,877
17:04:33.006> 192,197,142,527,306,309,222,828
17:04:33.193> 210,215,155,575,285,288,208,772
17:04:33.381> 230,234,169,627,265,269,194,721
17:04:33.576> 249,253,182,678,248,252,181,674
17:04:33.816> 270,274,197,733,229,233,168,624
17:04:34.011> 270,273,197,732,193,191,142,520
17:04:34.193> 199,171,138,480,268,238,192,637
17:04:34.447> 328,281,228,757,317,280,228,747
17:04:34.626> 334,284,231,769,312,274,223,733
17:04:34.814> 303,257,207,692,223,209,167,551
17:04:35.064> 329,271,219,732,299,259,210,685
17:04:35.252> 330,270,219,731,294,253,206,670
17:04:35.439> 127,103,82,299,192,175,141,463
17:04:35.688> 340,279,228,765,297,262,216,700
17:04:35.874> 343,282,230,772,295,260,214,694
17:04:36.063> 295,260,214,694,283,237,188,638
17:04:36.312> 176,174,134,437,187,168,126,442
17:04:36.501> 181,176,136,446,323,268,218,730
17:04:36.687> 309,275,225,732,344,293,238,794
17:04:36.934> 314,282,230,748,343,294,239,793
17:04:37.123> 316,282,230,750,338,289,236,782
17:04:37.309> 309,275,227,735,242,208,181,587
17:04:37.506> 127,141,132,389,128,204,212,536
17:04:37.749> 94,171,180,441,144,266,287,687
17:04:37.943> 105,199,215,514,145,274,298,708
17:04:38.120> 113,213,229,550,135,255,276,658
17:04:38.379> 125,236,254,608,126,237,256,612
17:04:38.558> 134,253,274,653,117,219,236,567
17:04:38.746> 141,267,290,689,105,196,210,508
17:04:38.999> 149,282,307,728,96,179,191,463
17:04:39.181> 156,294,320,760,85,157,165,405
17:04:39.370> 161,303,330,783,75,136,143,352
17:04:39.618> 168,316,344,816,65,117,122,304
17:04:39.807> 175,328,358,849,57,101,103,261
17:04:39.992> 181,337,367,871,48,84,84,218
17:04:40.243> 188,350,381,904,40,67,65,174
17:04:40.430> 194,360,393,931,31,51,46,132
17:04:40.618> 199,367,401,950,23,36,30,94
17:04:40.804> 23,36,385,94,194,355,385,918
17:04:41.053> 30,48,43,125,188,343,373,888
17:04:41.241> 37,63,59,163,179,328,355,848
17:04:41.435> 45,77,75,200,171,311,337,806
17:04:41.677> 53,92,92,237,163,298,322,771
17:04:41.872> 61,106,108,275,157,286,309,740
17:04:42.053> 67,119,123,308,149,270,291,699
17:04:42.317> 75,133,137,344,141,254,273,659
17:04:42.490> 83,148,154,382,133,241,258,623
17:04:42.677> 91,162,170,420,126,227,243,588
17:04:42.924> 83,131,131,343,188,184,169,513
17:04:43.112> 300,258,213,698,319,276,226,743
17:04:43.300> 323,280,229,753,323,282,230,756
17:04:43.548> 331,287,234,772,325,286,233,765
17:04:43.738> 332,287,233,772,271,240,193,636
17:04:43.924> 231,199,161,541,307,263,213,699
17:04:44.112> 324,269,218,723,304,260,211,692
17:04:44.362> 258,211,171,579,60,65,49,173
17:04:44.549> 328,272,222,741,306,267,220,715
17:04:44.734> 337,281,230,765,305,268,221,716
17:04:44.986> 341,285,232,775,304,269,221,717
17:04:45.172> 342,283,231,773,255,229,185,601
17:04:45.366> 244,211,164,559,185,184,142,463
17:04:45.610> 253,218,170,463,253,218,170,579
17:04:45.805> 271,245,198,645,349,294,239,799
17:04:45.984> 310,281,230,745,349,297,241,805
17:04:46.239> 312,283,231,749,347,295,240,800
17:04:46.420> 313,279,228,744,347,289,235,790
17:04:46.607> 305,257,212,702,335,245,200,724
17:04:46.855> 231,153,125,490,422,209,153,766
17:04:47.045> 272,140,102,504,585,273,195,1026
17:04:47.231> 337,164,118,608,593,274,195,1037
17:04:47.418> 371,177,128,663,548,252,180,957
17:04:47.667> 405,190,136,716,511,235,167,892
17:04:47.855> 444,205,146,778,476,218,154,828
17:04:48.047> 483,220,156,839,425,195,139,742
17:04:48.292> 507,230,163,879,381,176,125,667
17:04:48.479> 547,246,173,942,343,158,112,600
17:04:48.667> 574,257,182,988,300,140,100,529
17:04:48.860> 592,266,187,1018,257,122,87,457
17:04:49.103> 627,281,198,1078,223,106,76,398
17:04:49.299> 673,300,211,1153,188,91,65,339
17:04:49.540> 716,317,222,1221,152,74,53,275
17:04:49.735> 742,329,231,1267,119,60,43,221
17:04:49.914> 781,346,243,1333,83,46,33,163
17:04:50.103> 811,359,253,1385,47,31,23,104
17:04:50.353> 837,370,260,1428,837,370,260,1428
17:04:50.538> 48,30,22,103,805,356,250,1373
17:04:50.726> 83,46,33,163,766,340,239,1308
17:04:50.976> 120,63,46,228,719,321,227,1233
17:04:51.163> 157,80,58,291,692,309,218,1187
17:04:51.348> 190,94,68,348,640,288,204,1103
17:04:51.599> 222,109,79,404,595,270,191,1029
17:04:51.786> 253,123,89,457,553,252,179,960
17:04:51.973> 285,137,98,510,515,236,167,895
17:04:52.222> 315,150,108,562,478,220,157,835
17:04:52.409> 348,164,118,617,444,205,146,777
17:04:52.596> 379,178,127,669,411,192,137,723
17:04:52.791> 409,191,136,719,372,177,127,662
17:04:53.033> 275,149,112,524,297,235,193,666
17:04:53.228> 324,276,225,746,318,278,227,746
17:04:53.408> 334,289,235,778,322,286,233,763
17:04:53.665> 339,293,238,789,314,276,225,737
17:04:53.846> 246,220,172,582,310,271,220,721
17:04:54.032> 329,272,221,735,301,261,212,691
17:04:54.282> 278,229,186,629,63,72,55,189
17:04:54.469> 107,94,70,261,218,200,159,518
17:04:54.655> 300,247,199,671,266,235,191,620
17:04:54.905> 327,267,217,731,298,265,217,705
17:04:55.094> 349,291,237,793,349,291,227,793
17:04:55.279> 305,277,227,734,350,296,240,804
17:04:55.530> 308,280,229,741,349,296,241,803
17:04:55.716> 311,281,230,746,347,295,240,800
17:04:55.905> 312,280,229,744,342,290,237,787
17:04:56.091> 311,275,226,735,334,281,229,763
17:04:56.342> 303,262,215,705,253,202,170,578
17:04:56.528> 164,122,110,383,243,142,143,521
17:04:56.724> 142,87,86,310,238,129,133,486
17:04:56.964> 182,104,106,385,290,151,160,585
17:04:57.160> 220,121,126,457,291,152,162,589
17:04:57.338> 241,129,136,494,272,143,152,552
17:04:57.598> 260,138,146,531,248,132,140,507
17:04:57.776> 268,141,149,544,223,121,127,461
17:04:57.963> 285,149,158,577,203,113,117,424
17:04:58.214> 293,152,162,591,179,102,104,378
17:04:58.400> 299,155,165,603,154,91,92,332
17:04:58.588> 305,158,168,613,133,82,81,293
17:04:58.838> 316,163,173,634,117,75,73,263
17:04:59.023> 333,170,182,665,102,68,65,235
17:04:59.211> 353,179,192,702,86,61,57,206
17:04:59.397> 369,186,200,732,70,54,49,176
17:04:59.651> 392,196,211,774,54,47,41,145
17:04:59.835> 410,204,220,808,410,43,36,808
17:05:00.022> 45,43,36,129,404,201,218,797
17:05:00.272> 62,50,45,160,389,195,210,768
17:05:00.459> 78,58,53,191,370,186,200,733
17:05:00.654> 95,65,62,222,353,179,192,701
17:05:00.897> 111,72,70,252,333,170,182,665
17:05:01.091> 127,80,78,282,322,165,176,643
17:05:01.271> 144,87,87,314,303,157,166,609
17:05:01.528> 162,95,96,347,291,151,160,585
17:05:01.708> 179,102,104,378,271,143,150,550
17:05:01.893> 198,110,113,413,258,137,144,524
17:05:02.083> 212,117,121,439,241,129,135,493
17:05:02.331> 228,124,128,468,223,122,126,460
17:05:02.517> 246,132,138,503,209,115,119,433
17:05:02.704> 269,141,149,545,196,110,113,410
17:05:02.956> 287,150,159,580,178,102,104,377
17:05:03.141> 305,157,167,612,160,94,95,343
17:05:03.329> 323,165,176,645,144,87,86,313
17:05:03.580> 338,172,184,674,125,78,77,278
17:05:03.767> 355,179,193,705,110,72,69,249
17:05:03.953> 368,185,200,730,92,64,60,217
17:05:04.202> 383,192,207,758,75,56,52,185
17:05:04.390> 403,201,217,795,58,49,43,153
17:05:04.587> 427,211,229,839,41,41,35,122
17:05:04.828> 41,41,35,122,428,212,230,841
17:05:05.029> 59,49,43,155,409,203,220,805
17:05:05.201> 75,56,52,185,381,191,206,753
17:05:05.388> 90,63,59,214,355,180,193,706
17:05:05.638> 83,62,57,204,237,159,146,520
17:05:05.824> 250,210,176,583,323,269,220,733
17:05:06.011> 299,261,214,698,323,274,223,742
17:05:06.263> 309,271,221,725,329,282,230,761
17:05:06.449> 320,283,231,755,335,291,237,783
17:05:06.637> 325,288,234,769,333,290,236,780
17:05:06.885> 325,284,231,760,245,215,170,567
17:05:07.073> 229,203,160,535,318,267,217,716
17:05:07.259> 317,267,216,715,313,265,215,707
17:05:07.511> 250,209,170,573,205,190,148,496
17:05:07.697> 334,289,235,779,322,285,233,762
17:05:07.885> 337,292,237,785,320,285,232,759
17:05:08.079> 339,293,238,789,319,284,232,757
17:05:08.320> 342,294,239,793,317,284,232,755
17:05:08.516> 344,295,240,798,315,284,232,754
17:05:08.695> 346,297,241,801,313,283,231,751
17:05:08.953> 348,297,241,805,311,282,231,748