16:45:20.051> 5,5,4,11,4,4,3,10
16:45:20.051> 5,5,4,13,4,4,3,10
16:45:20.051> 5,5,4,13,4,4,3,10
16:45:20.051> 5,5,4,13,4,4,3,10
16:45:20.051> 5,5,4,13,4,4,4,10
16:45:20.051> 5,5,3,13,4,4,4,11
16:45:20.100> 5,5,4,11,4,4,3,12
16:45:20.100> 5,5,4,13,4,4,3,10
16:45:20.100> 5,5,4,13,4,4,3,10
16:45:20.100> 5,5,4,13,4,4,3,10
16:45:20.100> 5,5,4,13,4,4,3,10
16:45:20.153> 5,5,3,13,4,4,4,11
16:45:20.153> 5,5,4,12,4,4,3,12
16:45:20.153> 5,5,4,13,4,4,3,10
16:45:20.153> 5,5,4,13,4,4,3,10
16:45:20.153> 5,5,4,13,4,4,3,10
16:45:20.214> 5,5,4,13,4,4,3,10
16:45:20.214> 5,5,3,13,4,5,4,11
16:45:20.214> 5,5,4,12,4,4,3,10
16:45:20.214> 5,5,4,13,4,4,3,10
16:45:20.214> 5,5,4,13,4,4,3,10
16:45:20.214> 5,5,4,13,4,4,3,10
16:45:20.278> 5,5,3,13,4,4,4,11
16:45:20.278> 5,5,4,12,4,4,3,10
16:45:20.278> 5,5,4,13,4,4,3,10
16:45:20.278> 5,5,4,13,4,4,3,10
16:45:20.278> 5,5,4,13,4,4,3,10
16:45:20.278> 5,5,4,13,4,4,4,10
16:45:20.347> 5,4,4,12,4,4,4,11
16:45:20.347> 5,5,4,11,4,4,3,10
16:45:20.347> 5,5,4,13,4,4,3,10
16:45:20.347> 5,5,4,13,4,4,3,10
16:45:20.347> 5,5,4,13,4,4,3,10
16:45:20.347> 5,5,4,13,4,4,4,10
16:45:20.404> 5,4,4,12,4,4,4,11
16:45:20.404> 5,5,4,11,4,4,3,10
16:45:20.404> 5,5,4,13,4,4,3,10
16:45:20.404> 5,5,4,13,4,4,3,10
16:45:20.404> 5,5,4,13,4,4,3,10
16:45:20.404> 5,5,3,13,4,4,4,11
16:45:20.480> 5,5,4,12,4,4,3,12
16:45:20.480> 5,5,4,11,4,4,3,10
16:45:20.480> 5,5,4,13,4,4,3,10
16:45:20.480> 5,5,4,13,4,4,3,10
16:45:20.480> 5,5,4,13,4,4,3,10
16:45:20.480> 5,5,4,13,4,4,4,10
16:45:20.480> 5,5,4,12,4,4,3,12
16:45:20.545> 5,5,4,11,4,4,3,10
16:45:20.545> 5,5,4,13,4,4,3,10
16:45:20.545> 5,5,4,13,4,4,3,10
16:45:20.545> 5,5,4,13,4,4,3,10
16:45:20.545> 5,5,4,13,4,4,4,10
16:45:20.545> 5,5,4,12,4,4,3,12
16:45:20.608> 5,5,4,13,4,4,3,10
16:45:20.608> 5,5,4,13,4,4,3,10
16:45:20.608> 5,5,4,13,4,4,3,10
16:45:20.608> 5,5,4,13,4,4,3,10
16:45:20.608> 5,5,3,13,4,4,4,11
16:45:20.608> 5,5,4,12,4,4,3,12
16:45:20.608> 5,5,4,13,4,4,3,10
16:45:20.664> 5,5,4,13,4,4,3,10
16:45:20.664> 5,5,4,13,4,4,3,10
16:45:20.664> 5,5,4,13,4,4,3,10
16:45:20.664> 5,5,4,13,4,4,4,10
16:45:20.664> 5,5,4,12,4,4,3,12
16:45:20.715> 5,5,4,11,4,4,3,10
16:45:20.715> 5,5,4,13,4,4,3,10
16:45:20.715> 5,5,4,13,4,4,3,10
16:45:20.715> 5,5,4,13,4,4,3,10
16:45:20.715> 5,5,3,13,4,4,4,11
16:45:20.785> 5,5,4,12,4,4,3,12
16:45:20.785> 5,5,4,13,4,4,3,10
16:45:20.785> 5,5,4,13,4,4,3,10
16:45:20.785> 5,5,4,13,4,4,3,10
16:45:20.785> 5,5,4,13,4,4,3,10
16:45:20.785> 5,5,3,13,4,4,4,11
16:45:20.785> 5,5,4,12,4,4,3,12
16:45:20.839> 5,5,4,11,4,4,3,10
16:45:20.839> 5,5,4,13,4,4,3,10
16:45:20.839> 5,5,4,13,4,4,3,10
16:45:20.839> 5,5,4,13,4,4,3,10
16:45:20.839> 5,5,3,13,4,5,4,11
16:45:20.903> 5,5,4,12,4,4,3,10
16:45:20.903> 5,5,4,13,4,4,3,10
16:45:20.903> 5,5,4,13,4,4,3,10
16:45:20.903> 5,5,4,13,4,4,3,10
16:45:20.903> 5,5,4,13,4,4,4,11
16:45:20.903> 5,5,4,12,5,4,4,12
16:45:20.963> 5,5,4,11,4,4,3,10
16:45:20.963> 5,5,4,13,4,4,3,10
16:45:20.963> 5,5,4,13,4,4,3,10
16:45:20.963> 5,5,4,13,4,4,3,10
16:45:20.963> 5,5,4,13,4,4,4,10