16:14:45.862> 150,75,54,258,219,109,79,375
16:14:47.308> 62,32,23,107,4,3,2,8
16:14:48.669> 291,145,105,499,77,40,28,134
16:14:50.105> 203,101,73,348,166,83,60,285
16:14:51.477> 114,57,41,196,254,127,92,436
16:14:52.913> 321,159,116,549,25,14,9,44
16:14:54.293> 255,127,92,437,114,57,41,196
16:14:55.722> 166,83,60,286,202,101,73,347
16:14:57.093> 78,40,28,135,4,3,2,8
16:14:58.530> 308,153,111,527,61,31,22,106
16:14:59.903> 219,109,79,375,150,75,54,258
16:15:01.336> 130,65,47,224,238,119,86,409
16:15:02.711> 321,159,116,549,9,6,4,17
16:15:04.146> 271,135,98,465,97,49,35,168
16:15:05.519> 183,91,66,313,186,93,67,319
16:15:06.961> 94,48,34,162,274,137,99,470
16:15:08.328> 321,159,116,549,45,23,17,78
16:15:09.763> 235,117,85,403,133,67,48,230
16:15:11.135> 146,73,53,252,222,111,80,381
16:15:12.570> 58,30,21,101,4,3,2,8
16:15:13.948> 287,143,104,493,81,41,30,140
16:15:15.378> 199,99,72,341,170,85,61,291
16:15:16.750> 110,56,40,190,258,129,93,443
16:15:18.187> 321,159,116,549,29,15,11,51
16:15:19.560> 251,125,91,431,117,59,43,202
16:15:20.995> 163,82,59,280,206,103,74,353
16:15:22.368> 74,38,27,128,4,3,2,8
16:15:23.803> 304,151,110,521,65,33,24,112
16:15:25.239> 215,107,78,369,153,77,55,263
16:15:26.619> 127,64,46,218,242,120,87,415
16:15:28.047> 321,159,116,549,12,7,5,22
16:15:29.419> 268,133,97,459,101,51,37,174
16:15:30.853> 179,90,65,308,189,95,68,325
16:15:32.226> 91,46,33,157,3,3,2,8
16:15:33.664> 320,159,115,549,48,25,18,84
16:15:35.036> 232,116,84,398,137,69,50,235
16:15:36.473> 143,72,52,246,225,112,81,386
16:15:37.843> 55,28,20,95,4,3,2,8
16:15:39.288> 285,141,103,488,84,43,31,146
16:15:40.652> 196,98,71,336,173,87,63,297
16:15:42.086> 107,54,39,185,261,130,94,448
16:15:43.458> 321,159,116,550,32,17,12,56
16:15:44.895> 248,124,90,426,120,61,44,207
16:15:46.280> 160,80,58,275,209,104,75,359
16:15:47.702> 71,36,26,123,4,3,2,8
16:15:49.077> 301,150,108,516,68,35,25,118
16:15:50.512> 212,106,77,364,156,78,57,269
16:15:51.885> 124,62,45,213,245,122,88,420
16:15:53.318> 321,159,116,550,15,9,6,28
16:15:54.694> 265,132,96,454,104,53,38,179
16:15:56.126> 176,88,64,303,193,96,70,331
16:15:57.500> 87,44,32,151,4,3,2,8
16:15:58.943> 317,157,114,543,52,27,19,90
16:16:00.307> 228,114,82,392,141,71,51,242
16:16:01.744> 140,70,51,240,229,114,83,393
16:16:03.115> 51,27,19,89,4,3,2,8
16:16:04.550> 281,140,101,481,88,45,32,152
16:16:05.931> 192,96,69,330,177,88,64,304
16:16:07.370> 103,52,38,178,265,132,96,455